0.2883178721218109,
1.2199352931976319E-4,
1.2183445167541503E-4,
0.0013717427053451538,
1.2187465953826904E-4,
2.5554323959350585E-4,
1.2212948513031007E-4,
1.2202088069915771E-4,
6.04772099494934E-4,
1.790468463897705E-4,
1.7717963790893555E-4,
1.7858396244049073E-4,
1.2210053634643554E-4,
1.2199047470092774E-4,
1.218521842956543E-4,
1.7708819103240967E-4,
0.00414965860080719,
4.635397310256958E-4,
1.2192640018463135E-4,
1.218290195465088E-4,
3.505941095352173E-4,
9.735014591217041E-4,
0.012406736847877502,
0.00912085274887085,
0.007122969597816467,
0.0016344210596084595,
0.0028783480949401857,
0.006043929330825806,
